Webots Project File version R2023b
perspectives: 000000ff00000000fd0000000300000000000000f800000388fc0200000001fb0000001a0043006f006e0073006f006c00650041006c006c0041006c006c0100000016000003880000003900ffffff000000010000019900000388fc0200000001fb0000001400540065007800740045006400690074006f00720100000016000003880000003f00ffffff0000000300000780000000c4fc0100000001fb0000000e0043006f006e0073006f006c006501000000000000073f0000000000000000000004eb0000038800000001000000020000000100000008fc00000000
simulationViewPerspectives: 000000ff0000000100000002000000fc000002570100000002010000000101
sceneTreePerspectives: 000000ff00000001000000030000001c000000c0000001970100000002010000000201
minimizedPerspectives: 000000ff00000000fd00000003000000000000006900000388fc0200000001fb0000001a0043006f006e0073006f006c00650041006c006c0041006c006c0100000016000003880000003900ffffff000000010000043300000388fc0200000001fb0000001400540065007800740045006400690074006f00720100000016000003880000008900ffffff0000000300000780000000c4fc0100000001fb0000000e0043006f006e0073006f006c006501000000000000073f0000000000000000000002e00000038800000001000000020000000100000008fc00000000
maximizedDockId: -1
centralWidgetVisible: 1
orthographicViewHeight: 1
textFiles: -1
consoles: Console:All:All
renderingDevicePerspectives: robot:camera;1;0.671875;0;0
renderingDevicePerspectives: robot_omni:camera;1;0.671875;0;0
